Groups:
A_HDS_NRI,1.0
A_WHS_K0F1M_AL_T1L1M,2.0
COD_pair,22.0
Y_MTA_Hexellent,0.0

Warriors:
A_HDS_NRI1,1.0
A_HDS_NRI2,0.0
A_WHS_K0F1M_AL_T1L1M1,1.0
A_WHS_K0F1M_AL_T1L1M2,1.0
COD_pair1,14.0
COD_pair2,8.0
Y_MTA_Hexellent1,0.0
Y_MTA_Hexellent2,0.0
