Groups:
A_WAN_OnlyCode,0.0
COD_pair,23.0
Y_HDS_TRY,0.0
Y_MTA_Hexellent,2.0

Warriors:
A_WAN_OnlyCode1,0.0
A_WAN_OnlyCode2,0.0
COD_pair1,12.5
COD_pair2,10.5
Y_HDS_TRY1,0.0
Y_HDS_TRY2,0.0
Y_MTA_Hexellent1,1.0
Y_MTA_Hexellent2,1.0
