Groups:
COD_m006,68.333336
HLS_segment_fault,3.0
HRZ_JMP2HELL_2024,14.0
TOM_R_JS,14.666665

Warriors:
COD_m0061,35.666664
COD_m0062,32.666668
HLS_segment_fault1,2.0
HLS_segment_fault2,1.0
HRZ_JMP2HELL_20241,7.5
HRZ_JMP2HELL_20242,6.5
TOM_R_JS1,7.0000005
TOM_R_JS2,7.666667
