Groups:
A_AVI_Fishandpoultry,12.0
A_GGN_OpcodeHunter,5.0
A_ORT_Pegasus_Hex,1.0
COD_pair,7.0

Warriors:
A_AVI_Fishandpoultry1,4.0
A_AVI_Fishandpoultry2,8.0
A_GGN_OpcodeHunter1,0.5
A_GGN_OpcodeHunter2,4.5
A_ORT_Pegasus_Hex1,1.0
A_ORT_Pegasus_Hex2,0.0
COD_pair1,2.5
COD_pair2,4.5
