Groups:
A_GSA_GoonSquad,8.5
A_HRZ_Ctrl_Alt_Elite,0.0
A_HRZ_Thingies,2.0
COD_pair,14.5

Warriors:
A_GSA_GoonSquad1,5.0
A_GSA_GoonSquad2,3.5
A_HRZ_Ctrl_Alt_Elite1,0.0
A_HRZ_Ctrl_Alt_Elite2,0.0
A_HRZ_Thingies1,0.0
A_HRZ_Thingies2,2.0
COD_pair1,5.5
COD_pair2,9.0
