Groups:
A_BZV_SKYENT,10.5
A_HRZ_MOV_AX_WIN,0.0
A_OHS_TrojanByte,3.0
COD_pair,11.5

Warriors:
A_BZV_SKYENT1,4.0
A_BZV_SKYENT2,6.5000005
A_HRZ_MOV_AX_WIN1,0.0
A_HRZ_MOV_AX_WIN2,0.0
A_OHS_TrojanByte1,1.5
A_OHS_TrojanByte2,1.5
COD_pair1,5.5
COD_pair2,6.0000005
