Groups:
A_GSA_GoonSquad,5.0
A_HRZ_Pixar_Lamps,1.0
COD_pair,19.0
Y_GSA_SigmaSilent,0.0

Warriors:
A_GSA_GoonSquad1,1.5
A_GSA_GoonSquad2,3.5
A_HRZ_Pixar_Lamps1,1.0
A_HRZ_Pixar_Lamps2,0.0
COD_pair1,10.5
COD_pair2,8.5
Y_GSA_SigmaSilent1,0.0
Y_GSA_SigmaSilent2,0.0
