Groups:
A_GSA_callfart,7.1666665
A_HRZ_L,1.0
COD_pair,16.833332
Y_ELD_FriendlyFire,0.0

Warriors:
A_GSA_callfart1,2.3333335
A_GSA_callfart2,4.833333
A_HRZ_L1,0.0
A_HRZ_L2,1.0
COD_pair1,7.3333335
COD_pair2,9.5
Y_ELD_FriendlyFire1,0.0
Y_ELD_FriendlyFire2,0.0
