Groups:
A_ORT_Pegasus_Hex,1.0
A_TOM_2B2Team,10.0
A_TOM_anonymous,3.0
COD_pair,10.0

Warriors:
A_ORT_Pegasus_Hex1,1.0
A_ORT_Pegasus_Hex2,0.0
A_TOM_2B2Team1,4.0
A_TOM_2B2Team2,6.0
A_TOM_anonymous1,0.5
A_TOM_anonymous2,2.5
COD_pair1,5.5
COD_pair2,4.5
