Groups:
A_HDS_YOY,3.0
A_TOM_anonymous,1.0
A_TOM_Syntax_Terror,1.0
COD_pair,20.0

Warriors:
A_HDS_YOY1,3.0
A_HDS_YOY2,0.0
A_TOM_anonymous1,0.5
A_TOM_anonymous2,0.5
A_TOM_Syntax_Terror1,0.5
A_TOM_Syntax_Terror2,0.5
COD_pair1,6.5
COD_pair2,13.5
